2048,0 2045,7 2,3 3505,1
2048,0 2045,7 2,3 3300,3
2048,0 2045,7 2,3 3063,9
2048,0 2045,7 2,3 2823,8
2048,0 2045,7 2,3 2583,3
2048,0 2045,7 2,3 2345,1
2048,0 2045,7 2,3 2105,1
2048,0 2045,7 2,3 1865,5
2048,0 2045,7 2,3 1623,1
2048,0 2045,2 2,8 1384,5
2048,0 2043,7 4,3 1145,3
2048,0 2041,7 6,3 910,4
2048,0 2018,6 29,4 693,7
2048,0 2038,3 9,7 436,1
2048,0 2013,6 34,4 210,9
5786,4 4185,8 1339,6 261,0
5786,4 4040,7 1432,7 313,1
5786,4 3954,8 1510,6 321,1
5786,4 3872,1 1588,5 325,8
5786,4 3785,4 1668,8 332,3
5786,4 3700,0 1744,7 341,8
5786,4 3615,8 1823,5 347,2
5786,4 3532,9 1900,2 353,3
5786,4 3448,0 1977,4 361,1
5786,4 3364,6 2055,8 366,0
5786,4 3261,5 2135,7 389,2
5786,4 3159,1 2211,9 415,4
5786,4 3078,6 2291,2 416,6
5786,4 2997,6 2370,5 418,3
5786,4 2918,9 2450,0 417,5
5786,4 2839,2 2528,0 419,3
5786,4 2757,5 2607,8 421,1
5786,4 2674,8 2685,9 425,8
5786,4 2598,7 2761,8 425,9
5786,4 2521,8 2838,5 426,1
5786,4 2445,0 2915,1 426,3
5786,4 2369,2 2991,0 426,2
5786,4 2291,9 3068,3 426,2
5786,4 2215,6 3144,6 426,2
5786,4 2139,4 3220,9 426,2
5786,4 2062,5 3297,7 426,3
5786,4 1986,0 3374,2 426,2
5786,4 1909,8 3450,4 426,2
5786,4 1832,9 3527,3 426,2
5786,4 1756,0 3604,2 426,3
5786,4 1679,6 3680,6 426,2
5786,4 1603,9 3756,3 426,2
5786,4 1526,3 3833,9 426,2
5786,4 1447,2 3913,0 426,3
5786,4 1370,1 3990,1 426,3
5786,4 1292,0 4068,1 426,3
5786,4 1214,5 4145,6 426,3
5786,4 1137,5 4222,7 426,3
5786,4 1061,5 4298,7 426,3
5786,4 985,2 4375,0 426,3
5786,4 909,4 4450,7 426,3
5786,4 831,6 4528,0 426,8
5786,4 754,8 4605,3 426,3
5786,4 678,8 4681,3 426,3
5786,4 602,2 4757,9 426,3
5786,4 525,7 4834,5 426,3
5786,4 448,7 4911,4 426,3
5786,4 372,4 4987,7 426,3
5786,4 295,6 5064,5 426,3
5786,4 219,1 5141,1 426,3
5786,4 142,8 5217,3 426,3
5786,4 123,9 5271,8 390,7
5786,4 125,2 5336,7 324,5
5786,4 122,9 5358,6 304,9
5786,4 150,0 5340,7 295,7
5786,4 113,6 5389,8 283,0
5786,4 110,7 5407,7 268,0
5786,4 137,5 5365,9 283,1
5786,4 108,4 5396,7 281,4
5786,4 127,5 5389,7 269,3
5786,4 116,5 5436,5 233,4
