6075 20 87644 3112
6075 20 165788 3232
6075 20 243932 3232
6075 20 322076 3232
6075 20 400220 3232
6075 20 478364 3232
6075 20 556508 3232
6075 20 634652 3232
6075 20 712796 3232
6075 20 790808 3232
6075 20 868952 3232
6075 20 947096 3232
6075 20 1025240 3232
6075 20 1103384 3232
6075 20 1181528 3232
2048,0 513,2 1534,8 4097,6
2048,0 521,4 1526,6 4002,8
2048,0 522,9 1525,1 3921,4
2048,0 523,9 1524,1 3840,3
2048,0 525,4 1522,6 3758,3
2048,0 528,9 1519,1 3674,2
2048,0 530,2 1517,8 3593,7
2048,0 531,4 1516,6 3512,3
2048,0 537,4 1510,6 3428,6
2048,0 541,4 1506,6 3345,6
2048,0 563,7 1484,3 3244,4
2048,0 590,7 1457,3 3142,5
2048,0 592,4 1455,6 3063,1
2048,0 594,2 1453,8 2983,1
2048,0 596,4 1451,6 2904,2
2048,0 598,7 1449,3 2824,9
2048,0 600,7 1447,3 2740,7
2048,0 601,2 1446,8 2662,7
2048,0 601,4 1446,6 2586,6
2048,0 601,4 1446,6 2509,4
2048,0 601,4 1446,6 2433,2
2048,0 601,4 1446,6 2356,9
2048,0 601,4 1446,6 2279,7
2048,0 601,4 1446,6 2203,1
2048,0 601,7 1446,3 2127,5
2048,0 601,9 1446,1 2050,6
2048,0 601,9 1446,1 1973,8
2048,0 601,9 1446,1 1897,7
2048,0 601,9 1446,1 1820,8
2048,0 602,2 1445,8 1744,3
2048,0 602,4 1445,6 1667,4
2048,0 602,7 1445,3 1591,6
2048,0 602,7 1445,3 1513,6
2048,0 602,7 1445,3 1434,7
2048,0 602,7 1445,3 1357,8
2048,0 602,7 1445,3 1279,8
2048,0 602,7 1445,3 1202,5
2048,0 602,7 1445,3 1125,7
2048,0 602,7 1445,3 1049,7
2048,0 602,7 1445,3 973,0
2048,0 602,7 1445,3 897,1
2048,0 602,7 1445,3 819,3
2048,0 602,7 1445,3 742,6
2048,0 602,7 1445,3 666,8
2048,0 602,7 1445,3 590,3
2048,0 602,7 1445,3 513,6
2048,0 602,7 1445,3 436,4
2048,0 602,7 1445,3 360,4
2048,0 602,7 1445,3 283,6
2048,0 602,7 1445,3 207,0
2048,0 602,7 1445,3 130,6
2048,0 589,0 1459,0 92,8
2048,0 579,2 1468,8 63,9
2048,0 520,5 1527,5 48,1
2048,0 438,0 1610,0 74,1
2048,0 387,8 1660,2 38,5
2048,0 313,6 1734,4 28,6
2048,0 209,7 1838,3 59,9
2048,0 163,4 1884,6 30,8
2048,0 70,2 1977,8 48,7
2048,0 0,3 2047,7 34,6
