1 0
10 0
1002 0
1013 0
102116 0
102118 0
102129 0
102130 0
102131 0
102142 0
102151 0
102156 0
1032 0
10645 0
107624 0
107671 0
11 0
112164 0
112165 0
114 0
115 0
1152 0
1153 0
1155 0
11577 0
11578 0
116 0
1161 0
12 0
120 0
120269 0
120270 0
120271 0
121 0
122 0
123 0
124 0
12474 0
126 0
128 0
129 0
13 0
132 0
133 0
1332 0
134 0
136 0
137 0
14 0
140 0
149 0
15 0
152 0
1573 0
1587 0
16 0
1608 0
1611 0
1617 0
1619 0
1623 0
1626 0
1631 0
1639 0
1645 0
1662 0
1666 0
1673 0
1677 0
1679 0
168 0
1687 0
1691 0
17 0
1707 0
1709 0
1736 0
18 0
1803 0
1826 0
1831 0
1839 0
1846 0
1860 0
1889 0
1893 0
1894 0
1898 0
1901 0
1910 0
1914 0
1917 0
1928 0
1932 0
1949 0
1950 0
1951 0
1952 0
1955 0
1958 0
1959 0
1960 0
1963 0
1964 0
1965 0
1978 0
1979 0
1982 0
1983 0
1985 0
1987 0
2 0
20 0
2003 0
2009 0
2051 0
2052 0
2071 0
2076 0
2099 0
21 0
2111 0
2128 0
2151 0
2174 0
2191 0
22 0
222 0
223 0
224 0
225 0
226 0
228 0
2286 0
229 0
23 0
230 0
231 0
232 0
239 0
24 0
241 0
242 0
26 0
262 0
264 0
265 0
266 0
27 0
275 0
279 0
2797 0
2799 0
28 0
281 0
2858 0
2868 0
2875 0
2887 0
2894 0
2895 0
29 0
2900 0
2901 0
2904 0
2905 0
2908 0
2929 0
2934 0
3 0
30 0
300 0
309 0
32 0
3258 0
3266 0
33 0
34 0
35 0
3519 0
357 0
358 0
359 0
36 0
360 0
361 0
362 0
363 0
364 0
365 0
366 0
367 0
368 0
369 0
370 0
371 0
372 0
373 0
3730 0
3789 0
38 0
39 0
3944 0
39710 0
4 0
40 0
41 0
4114 0
419 0
42 0
4271 0
429 0
437 0
44 0
443 0
444 0
445 0
446 0
447 0
448 0
449 0
45 0
450 0
451 0
452 0
453 0
46 0
47 0
48 0
482 0
483 0
50 0
51 0
52 0
523 0
53 0
54 0
56 0
57 0
58 0
59 0
6 0
60 0
61473 0
62 0
63 0
6380 0
64 0
65 0
65997 0
66 0
67 0
7312 0
75946 0
80443 0
84009 0
84020 0
842 0
843 0
8440 0
8458 0
8475 0
851 0
852 0
8544 0
855 0
856 0
8565 0
857 0
858 0
859 0
862 0
881 0
882 0
884 0
88521 0
88531 0
886 0
888 0
889 0
890 0
891 0
892 0
893 0
894 0
9 0
900 0
9088 0
9093 0
93105 0
9562 0
9627 0
9668 0
9684 0
9709 0
9711 0
972 0
9751 0
97592 0
